1.223809523809523819e-01 7.888888888888888618e-01 9.888888888888889284e-01 -6.095238095238094900e+00 1.904761904761904656e+00
1.271428571428571408e-01 8.174603174603174427e-01 1.044444444444444509e+00 -4.000000000000000000e+00 6.349206349206348854e-01
1.304761904761904678e-01 8.365079365079365337e-01 8.698412698412698596e-01 -5.777777777777777679e+00 1.968253968253968145e+00
1.247619047619047544e-01 8.015873015873016261e-01 1.076190476190476364e+00 -7.047619047619047450e+00 2.920634920634920473e+00
1.399999999999999856e-01 7.730158730158729341e-01 9.253968253968254398e-01 -5.841269841269841834e+00 6.984126984126983739e-01
1.252380952380952317e-01 8.523809523809523503e-01 1.052380952380952417e+00 -4.444444444444444642e+00 4.444444444444444198e-01
1.309523809523809590e-01 8.873015873015872579e-01 1.056349206349206371e+00 -4.253968253968253954e+00 2.857142857142856762e+00
1.333333333333333315e-01 6.999999999999999556e-01 1.088095238095238226e+00 -5.269841269841269771e+00 3.936507936507936289e+00
1.471428571428571308e-01 7.952380952380951884e-01 1.072222222222222410e+00 -6.603174603174602808e+00 2.285714285714285587e+00
1.404761904761904767e-01 7.857142857142856984e-01 9.769841269841270659e-01 -6.031746031746031633e+00 2.095238095238094900e+00
1.414285714285714313e-01 8.777777777777777679e-01 8.857142857142856762e-01 -6.730158730158730229e+00 1.460317460317460236e+00
1.428571428571428492e-01 7.126984126984126089e-01 1.096031746031746135e+00 -5.587301587301586991e+00 1.333333333333333259e+00
1.395238095238095222e-01 8.301587301587300960e-01 8.539682539682539320e-01 -5.523809523809523725e+00 3.809523809523809312e+00
1.442857142857142949e-01 7.507936507936507908e-01 1.020634920634920562e+00 -4.317460317460318109e+00 5.079365079365079083e-01
1.495238095238095311e-01 7.063492063492062822e-01 9.333333333333333481e-01 -4.190476190476190688e+00 2.666666666666666519e+00
1.266666666666666496e-01 8.587301587301587880e-01 8.619047619047618403e-01 -7.111111111111110716e+00 2.158730158730158610e+00
1.476190476190476220e-01 7.317460317460316999e-01 9.412698412698412564e-01 -6.666666666666666963e+00 0.000000000000000000e+00
1.485714285714285765e-01 7.761904761904762085e-01 9.690476190476190466e-01 -7.238095238095238138e+00 2.793650793650793496e+00
1.219047619047619047e-01 8.936507936507936956e-01 8.817460317460317221e-01 -7.555555555555555358e+00 1.015873015873015817e+00
1.285714285714285587e-01 7.634920634920634441e-01 8.976190476190476497e-01 -7.873015873015873467e+00 5.714285714285713969e-01
1.447619047619047583e-01 7.920634920634920251e-01 9.174603174603174205e-01 -4.126984126984127421e+00 3.682539682539682335e+00
1.457142857142857129e-01 7.285714285714285365e-01 1.092063492063492181e+00 -7.809523809523809312e+00 1.714285714285714191e+00
1.466666666666666674e-01 7.095238095238094456e-01 9.611111111111111382e-01 -7.492063492063492092e+00 3.174603174603174427e+00
1.419047619047618947e-01 8.238095238095237693e-01 9.968253968253968367e-01 -4.507936507936507908e+00 2.476190476190476275e+00
1.257142857142857229e-01 8.841269841269840946e-01 9.650793650793650924e-01 -4.825396825396826017e+00 1.650793650793650702e+00
1.499999999999999944e-01 7.984126984126983517e-01 9.571428571428571841e-01 -5.396825396825397192e+00 1.142857142857142794e+00
1.438095238095238038e-01 8.492063492063491870e-01 1.040476190476190554e+00 -6.539682539682539542e+00 3.873015873015872579e+00
1.276190476190476042e-01 7.698412698412697708e-01 9.730158730158730007e-01 -4.952380952380952550e+00 2.412698412698412564e+00
1.409523809523809401e-01 7.666666666666666075e-01 1.060317460317460325e+00 -7.301587301587301404e+00 6.349206349206348854e-02
1.423809523809523858e-01 7.190476190476190466e-01 1.028571428571428692e+00 -4.698412698412698596e+00 4.000000000000000000e+00
1.238095238095237999e-01 8.047619047619047894e-01 9.452380952380952106e-01 -6.349206349206349742e+00 2.349206349206348854e+00
1.290476190476190499e-01 8.904761904761904212e-01 1.080158730158730318e+00 -6.412698412698413009e+00 7.619047619047618625e-01
1.461904761904761763e-01 8.269841269841269327e-01 9.055555555555555580e-01 -6.793650793650793496e+00 1.587301587301587213e+00
1.480952380952380854e-01 7.793650793650793718e-01 8.896825396825396304e-01 -6.222222222222222321e+00 1.777777777777777679e+00
1.385714285714285676e-01 7.158730158730158832e-01 9.531746031746032299e-01 -6.857142857142857650e+00 1.079365079365079305e+00
1.300000000000000044e-01 7.380952380952380265e-01 9.214285714285714857e-01 -7.428571428571428825e+00 1.523809523809523725e+00
1.380952380952381042e-01 8.142857142857142794e-01 1.000793650793650791e+00 -5.142857142857143238e+00 3.492063492063492092e+00
1.361904761904761951e-01 7.031746031746031189e-01 1.100000000000000089e+00 -6.158730158730159054e+00 3.809523809523809312e-01
1.209523809523809501e-01 8.555555555555555136e-01 1.012698412698412653e+00 -7.174603174603174871e+00 2.222222222222222321e+00
1.347619047619047494e-01 8.714285714285714413e-01 8.738095238095238138e-01 -7.619047619047618625e+00 2.603174603174602808e+00
1.376190476190476131e-01 7.444444444444444642e-01 9.095238095238095122e-01 -4.761904761904761862e+00 2.984126984126984183e+00
1.371428571428571497e-01 8.206349206349206060e-01 9.928571428571428825e-01 -5.968253968253968367e+00 8.253968253968253510e-01
1.214285714285714274e-01 7.539682539682539542e-01 8.936507936507936956e-01 -5.650793650793651146e+00 3.365079365079364671e+00
1.390476190476190310e-01 7.825396825396825351e-01 9.134920634920634663e-01 -6.285714285714285587e+00 3.301587301587301404e+00
1.366666666666666585e-01 7.571428571428571175e-01 1.048412698412698463e+00 -7.936507936507936734e+00 3.047619047619047450e+00
1.295238095238095133e-01 7.603174603174602808e-01 1.068253968253968234e+00 -7.682539682539682779e+00 3.111111111111110716e+00
1.280952380952380953e-01 8.460317460317460236e-01 1.032539682539682646e+00 -5.714285714285714413e+00 1.269841269841269771e+00
1.452380952380952217e-01 7.349206349206348632e-01 8.579365079365078861e-01 -5.460317460317460458e+00 1.841269841269841168e+00
1.228571428571428592e-01 8.650793650793651146e-01 9.373015873015873023e-01 -5.079365079365079083e+00 2.539682539682539542e-01
1.338095238095237949e-01 8.809523809523809312e-01 1.016666666666666607e+00 -8.000000000000000000e+00 1.396825396825396748e+00
1.261904761904761862e-01 8.746031746031746046e-01 9.849206349206349742e-01 -4.063492063492063266e+00 2.031746031746031633e+00
1.433333333333333404e-01 8.111111111111111160e-01 1.024603174603174738e+00 -4.634920634920635329e+00 1.269841269841269771e-01
1.204761904761904728e-01 8.333333333333332593e-01 8.658730158730159054e-01 -4.888888888888889284e+00 8.888888888888888395e-01
1.328571428571428403e-01 7.412698412698411898e-01 1.036507936507936600e+00 -6.920634920634920917e+00 3.619047619047618625e+00
1.357142857142857040e-01 7.253968253968253732e-01 8.499999999999999778e-01 -7.365079365079365559e+00 3.428571428571428381e+00
1.490476190476190399e-01 8.968253968253968589e-01 8.777777777777777679e-01 -5.206349206349206504e+00 2.730158730158730229e+00
1.323809523809523769e-01 8.079365079365079527e-01 1.064285714285714279e+00 -5.904761904761905100e+00 3.555555555555555358e+00
1.342857142857142860e-01 8.619047619047619513e-01 9.293650793650793940e-01 -6.476190476190476275e+00 9.523809523809523281e-01
1.319047619047619135e-01 8.428571428571428603e-01 1.008730158730158699e+00 -4.571428571428571175e+00 3.746031746031746046e+00
1.199999999999999956e-01 7.476190476190476275e-01 1.004761904761904745e+00 -4.380952380952381375e+00 1.206349206349206282e+00
1.352380952380952406e-01 8.682539682539682779e-01 9.015873015873016039e-01 -6.984126984126984183e+00 2.539682539682539542e+00
1.314285714285714224e-01 8.396825396825396970e-01 1.084126984126984272e+00 -5.333333333333333925e+00 3.174603174603174427e-01
1.233333333333333226e-01 7.222222222222222099e-01 9.809523809523810201e-01 -5.015873015873015817e+00 1.904761904761904656e-01
1.242857142857142771e-01 9.000000000000000222e-01 9.492063492063491648e-01 -7.746031746031746046e+00 3.238095238095238138e+00
